0.469538947347027 -1.14959078242335 0.209741452199915 -0.0486929408013898 -0.0508798383541387 0.267564210318487
0.475377073694948 -1.1154608689006 0.218412247923822 -0.0584563126370461 -0.0485445878149703 0.273048034828253
0.479504777375914 -1.07874961341415 0.225637911027079 -0.0676838683923401 -0.0468603450867957 0.278343363778804
0.482395042617217 -1.0393226256116 0.228470580403066 -0.076337210823728 -0.0458288554988671 0.283762611106246
0.483808759311332 -0.997717466902558 0.230359026653724 -0.0848177656591684 -0.0450452026647217 0.289548377576607
0.483321812450026 -0.951876394098927 0.231212492657949 -0.0933489350429167 -0.0449614268606259 0.294264257215496
0.481457800808896 -0.904077061874559 0.231585993117876 -0.101318108407523 -0.0448916136905461 0.300427014804288
0.477834497281756 -0.852352484162455 0.230037886071357 -0.109378038893233 -0.045251151516457 0.306279103786225
0.472506007075417 -0.798524784701698 0.228289066160858 -0.116685732471333 -0.0462878770921416 0.313447171024166
0.465587521920511 -0.740914956751869 0.220915050071182 -0.124328529265816 -0.0473246026678262 0.319625636576226
0.457630565860669 -0.682851343196521 0.214356102742188 -0.130634403853272 -0.04986580205873 0.325959436431713
0.44761935727123 -0.620543088900324 0.200561020334424 -0.13719684184077 -0.0520823702087628 0.332804617758035
0.436175233365903 -0.557131786516866 0.189780121544855 -0.143574274927558 -0.0546916374404943 0.339377527721045
0.424258125233286 -0.494254554884518 0.179536784164901 -0.149244849667287 -0.060006165012817 0.347344955756399
0.412663903012287 -0.433360017282436 0.170879951075009 -0.153594210163257 -0.0665686030003157 0.355260023914194
0.399921254143477 -0.373067618272292 0.16198924386535 -0.159181009098891 -0.0712792466514484 0.362342570018787
0.387831358414912 -0.316398522789288 0.154325503119843 -0.163675231922776 -0.0779254604430428 0.370372829907213
0.375697829455047 -0.263150272640193 0.14845072485763 -0.16918349104207 -0.0834895700984007 0.377670051509801
0.364684801874963 -0.215499293402244 0.145167760534628 -0.174616701003529 -0.0888808921578112 0.384586791335454
0.35391786571941 -0.173297232089021 0.144012352569808 -0.180655540215429 -0.0943786793015934 0.391274893029097
0.343140457588345 -0.135102446738377 0.144181649507252 -0.184549369776628 -0.102653285285298 0.398193378184002
0.332987877329494 -0.104122852515478 0.146199250122557 -0.189197181574689 -0.110517738894785 0.405050776815088
0.324020375632747 -0.0820269841852295 0.148867858548856 -0.193977638395902 -0.118972113791445 0.412897777132054
0.316520695836928 -0.0686246008591651 0.152278231907253 -0.196298926301054 -0.129721596654479 0.419357240693686
0.304097442221232 -0.0614129003899245 0.149660238029262 -0.1969953126726 -0.142462500194037 0.431930592625053
0.300830185861499 -0.0682039765094344 0.151377642013224 -0.19751193013119 -0.157948806646983 0.439252248837169
0.299013298110173 -0.0829275740792586 0.150344407096044 -0.199070509153221 -0.172223854599044 0.444589465689768
0.297301130113966 -0.10152580258851 0.148201142774595 -0.199601089245828 -0.188525229812672 0.450167537979141
0.294386430263136 -0.118909281938374 0.143818621022837 -0.199438773625392 -0.206083242087734 0.454672232778539
0.290258726582169 -0.132140622997743 0.136943769099231 -0.199444009613148 -0.223578422509726 0.457370511802122
0.284235595333537 -0.135310140919364 0.125953430799423 -0.197049417879412 -0.245304281038551 0.459512030794319
0.275739332534828 -0.132707855004641 0.121319581635378 -0.196215150496959 -0.265297027620146 0.458398510731547
0.267618315525299 -0.128930962503325 0.1193700488609 -0.191795976830909 -0.290099901620238 0.456405344725769
0.256710007700334 -0.124290132022272 0.113753579327982 -0.187505957529507 -0.315641049893922 0.451858762024324
0.248814138164312 -0.123647850857538 0.100871304119012 -0.181072673906656 -0.344674602000848 0.446111392797507
0.221918614391079 -0.116949277188384 0.0816918809688466 -0.18159278202375 -0.375818257173435 0.444542341799964
0.215640665071655 -0.119785437222875 0.0802380217019353 -0.169590152757785 -0.41428531388739 0.435443940409317
0.210327882828585 -0.124841656065902 0.0845943635149132 -0.155285434208439 -0.456206377191042 0.422586099809875
0.206448015901401 -0.132760214882201 0.0881042206406738 -0.137893228212316 -0.502427931771608 0.407049178808622
0.199993788327526 -0.136674988394424 0.0898216246246362 -0.118486912259391 -0.552913325714796 0.387632390880185
0.194932333496743 -0.142116925002142 0.0961274992120917 -0.0974277695048275 -0.604671064682687 0.369864939094882
0.188821935785511 -0.146572750582484 0.101489150674218 -0.0765065077611714 -0.655149477308868 0.340316514858618
0.168809990582144 -0.14211517967289 0.0999846768589992 -0.0567371633238317 -0.711209452882925 0.314818999816233
0.161812965610898 -0.144275897286859 0.106918869977173 -0.0317649923862968 -0.76389745234213 0.278329401144788
0.136975185025767 -0.138289417952519 0.107873565078014 -0.019081684712054 -0.813187295747702 0.243574659749825
0.121958372141608 -0.132810829430509 0.11128393843641 0.00279252680319093 -0.863072296428204 0.209394131678768
0.108241829550184 -0.129721596654479 0.115537305823521 0.0251013253021824 -0.910320104608942 0.177096813870613
0.0978274499035342 -0.126438632331477 0.120225260194377 0.0513004627038693 -0.957405597169245 0.154800232676385
0.0869610299806175 -0.123941066171873 0.124832929419642 0.0770178892320058 -1.00101613918883 0.128297407984851
0.076946330732674 -0.12325515177584 0.130655347804295 0.101646230306898 -1.04080266481729 0.107233029242532
0.0672283374575696 -0.122541312111774 0.136373046433829 0.126323440600846 -1.07911787788632 0.0949371846622316
0.0580199803240475 -0.122040402616451 0.142282731281082 0.149550282286386 -1.11451490044602 0.0950209604663273
0.0484084521333147 -0.119354340897632 0.146911344457371 0.1711347691458 -1.1459203550064 0.105302695089826
0.0389819288432933 -0.11561584563986 0.150047701123204 0.191583046662166 -1.17265530848845 0.11891451792613
0.0299009807451669 -0.110865059415932 0.152709328232496 0.211519942707697 -1.19534633409363 0.132938238465904
0.0210155095232637 -0.106075875948459 0.155435532524111 0.230947202611646 -1.21425872186824 0.146129436952477
0.0127164689300307 -0.102168083753244 0.157763801746271 0.249578592376685 -1.22919524960681 0.157151191178821
0.00496371639267187 -0.0987856356628791 0.160156648150756 0.267326845540215 -1.24006516018823 0.169689636525149
-0.00250803813511585 -0.0958848984460645 0.162846200528079 0.28389700145865 -1.24670962865057 0.18217921265242
-0.00931656754714573 -0.0945148149832489 0.16564745397753 0.299505480959235 -1.24988089190145 0.194626900877644
-0.0157742857795248 -0.0937835220266633 0.169344061333254 0.313696753107201 -1.24817919588075 0.206996049286527
-0.0224449341806471 -0.0915355379500946 0.173145388444097 0.32698918069039 -1.24316311961052 0.218705463238157
-0.0282097566999844 -0.092329662759752 0.176749493349466 0.338902798164503 -1.2339111292457 0.237820309205999
-0.0337441957580584 -0.0943856606186013 0.181809202850997 0.350406263264398 -1.22189453734572 0.2461350577625
-0.0390726859643971 -0.0966964765482418 0.1871062771308 0.361007393141011 -1.20619006473627 0.251229673849072
-0.0438950306876574 -0.0979374056464098 0.191235726141019 0.370755057013399 -1.18663539579693 0.258891669265327
-0.0490385159932847 -0.0996111763990724 0.195963823084671 0.379600385662507 -1.16374016666927 0.266684564375482
-0.0539760524471766 -0.101592125100086 0.201054948512739 0.387569559027113 -1.13741885621994 0.273971314002558
-0.0574981268777012 -0.103873270432443 0.209491870116879 0.396128653678893 -1.10826138573612 0.281486701761645
-0.0627672758894721 -0.105047877019035 0.214731348531366 0.402061027806422 -1.07502333546114 0.288152114175012
-0.0675948566004884 -0.106651834601617 0.220899342107914 0.406831012652122 -1.03882869743328 0.29351551096639
-0.0728238630394634 -0.106595984065554 0.223822768605005 0.410333888460875 -0.999021227853798 0.297159758444555
-0.0758816798889575 -0.112533594180838 0.228828372899725 0.416634527060574 -0.960147509424129 0.297746189073225
-0.0803724120543389 -0.112959454518325 0.234820088221821 0.414349891069714 -0.910133354378979 0.300708012813859
-0.0830759270656781 -0.116320958657666 0.239707010127405 0.41487174451606 -0.861096583714946 0.299013298110173
-0.0854321215558704 -0.120246204145401 0.24364970890766 0.41362034344238 -0.808448726828537 0.294807054612866
-0.0897081782232565 -0.123708937381358 0.250109172469291 0.409206405764087 -0.751790103321045 0.289967256597086
-0.0914500168167469 -0.127613238918069 0.253097176148706 0.40575239917439 -0.693901022690897 0.281540806968457
-0.0934658721028003 -0.130798464802959 0.261965194078089 0.400704906977622 -0.633023938381335 0.269129770657526
-0.0953455917071982 -0.1343345018675 0.263122347372161 0.39524202641888 -0.571115364483844 0.25844835563532
-0.0995465992167486 -0.135875627597011 0.266195872184923 0.387871500987708 -0.508089779865077 0.247918784258039
-0.103066928318021 -0.138041581198736 0.268464800212516 0.37974350266117 -0.444273561095157 0.23771558945088
-0.104674376559108 -0.141938901418439 0.278599927178847 0.375345272946145 -0.38407540986462 0.229549193880798
-0.106819386209809 -0.145853674930662 0.281984120598464 0.365852427144547 -0.324081462156567 0.222735428481012
-0.109027227713582 -0.151138531905701 0.289679277270507 0.358628509370543 -0.267490906489903 0.215729676863507
-0.111697581469133 -0.157168644471341 0.298032423070552 0.35091589940598 -0.213520090030482 0.208350424786075
-0.11642916907129 -0.163387252596197 0.306773031964539 0.34107922374174 -0.161942119975546 0.200323655556153
-0.119745294650079 -0.171864316773134 0.317798276849387 0.331443260941479 -0.113521450537467 0.19018678326057
-0.126459576282501 -0.178644920917132 0.325542302740486 0.319634363222486 -0.0699562870784367 0.177808908205426
-0.127765082562993 -0.188443199337828 0.333296800607097 0.313775292923541 -0.0354999969855647 0.163123707879146
-0.136064123156226 -0.194068395517005 0.340218776420507 0.304258012512416 -0.00845961088441652 0.156519381989599
-0.138922972470993 -0.201821148054364 0.345592645187397 0.303233504241495 0.0042463860701022 0.157067415374726
-0.147893964826243 -0.206983831981764 0.350957787308028 0.298587437772686 0.00829205927622506 0.162546003896736
-0.152735508171276 -0.211231963381118 0.353773003391495 0.302235175909354 -0.00046774823953448 0.169907802681648
-0.158810999297468 -0.216127611932962 0.356822093594729 0.30524237821054 -0.0160901903741357 0.175026853377747
-0.163085310635602 -0.221278078555597 0.358855402173302 0.311323105324488 -0.0371947116892512 0.177168372369944
-0.169862424121096 -0.22643552649524 0.360509974304193 0.312630356934232 -0.0570041986993868 0.176704114788914
-0.174747600697428 -0.232134026503002 0.361585097123421 0.315326890628564 -0.0782326383913938 0.177620412646211
-0.178966061499499 -0.239117088840231 0.362454271090914 0.316431684045076 -0.0983510486791325 0.181083145882168
-0.181652123218318 -0.247814064502919 0.363230942608052 0.315972662451801 -0.115970147478015 0.185612275291093
-0.183409669775076 -0.257964899432518 0.363508449959119 0.313373867195582 -0.129868204311646 0.191010578667511
-0.184210775901742 -0.269569593629028 0.363466562057071 0.308956438858784 -0.139385484722771 0.193611119252983
-0.18417412398745 -0.28240998093595 0.362853951489621 0.30282684252578 -0.142043621173559 0.190699910060656
-0.182978573449834 -0.296695500863524 0.361850387169724 0.296316764415841 -0.136900135867931 0.176177025354812
-0.180652049556925 -0.312879939017267 0.359921798346271 0.289592010807907 -0.12859411395769 0.15756134355304
-0.177377811880184 -0.330992965994465 0.356994881190676 0.282781736066625 -0.122078799859995 0.143860508924885
-0.173459547709456 -0.351055525746139 0.353804419318031 0.276029057190659 -0.119654537528975 0.131247014420722
-0.16920094433459 -0.373116487491348 0.349666243661552 0.268885424562246 -0.120375358510049 0.11815355437226
-0.166218176642932 -0.398563387985425 0.346062138756184 0.259167431287142 -0.122907831254693 0.11027688345801
-0.160725625486906 -0.424293031818325 0.336445374577695 0.251929550879121 -0.127559133711258 0.113957782850466
-0.156119701590893 -0.455834622060367 0.329514672118025 0.240712319776554 -0.131775849184076 0.119837797100435
-0.146986393615206 -0.489491551355826 0.315855725391918 0.232952585922187 -0.137629683495265 0.12749979251669
-0.13726665501085 -0.527813745741865 0.300645180960787 0.221719646856352 -0.139666482732342 0.130929364496859
-0.12314170537446 -0.567492060956704 0.277571928249422 0.212273924944558 -0.141008640927126 0.136048415192958
-0.107217321279264 -0.612861894862297 0.256165464973712 0.199279948663461 -0.138060779820507 0.138600086559374
-0.0890903316680506 -0.656009924630101 0.227102242269502 0.186713578049101 -0.13238322376377 0.142560238632149
-0.0691708889150393 -0.701573490082665 0.199421320332872 0.172578156437199 -0.124695048408735 0.145487155787743
-0.0487924245687535 -0.748592660131392 0.17479297925798 0.157512474333984 -0.117352448245595 0.147600749511908
-0.0285518412333752 -0.790386314399648 0.152190965444654 0.141383886716305 -0.104108889881462 0.148901019804644
-0.00540528469342644 -0.834363375562149 0.139628085488798 0.127171670617315 -0.0933786056402006 0.152475454112729
0.0186436070698034 -0.878010569496023 0.120918155907419 0.113378333538804 -0.0836815563161201 0.155088212002964
0.044312164378884 -0.921402945359106 0.10471975511966 0.101454244089178 -0.0762586710073882 0.159465497766966
0.0675215527719046 -0.961466978338636 0.0890222638272228 0.0891845794476582 -0.0678182587447437 0.163458811095529
0.0948429368826239 -1.00062867609489 0.0736633664096727 0.0780005096008786 -0.0597548376005299 0.168455688743989
0.122553529416538 -1.04010627844574 0.0689265428197601 0.0684954464945175 -0.0527106887394807 0.172525796559639
0.145611074164635 -1.07463761769645 0.0680573688522669 0.0577477089607364 -0.0465252418704128 0.176932752920925
0.170204508654487 -1.10883908971853 0.0713473144922762 0.0478970706624804 -0.0401373368081136 0.181311784014179
0.193298705316876 -1.13888842345012 0.0842906762250662 0.038179077387376 -0.0335295202600631 0.183093765180465
0.214720876555854 -1.16356912440257 0.0963823172828829 0.0289113790592861 -0.0271032179542199 0.186371493515711
0.235209296645016 -1.18476440283879 0.109198269980277 0.0205809225395171 -0.0222442213166677 0.189148312355633
0.25489486527826 -1.20221944068799 0.120405029107333 0.0127950087463704 -0.0182247280493248 0.192380662130327
0.27321209577794 -1.21559215341677 0.129044408904705 0.00666017642561036 -0.0184254409133041 0.196906300880748
0.291173279110214 -1.22520891759526 0.135263017029561 0.000411897703470662 -0.0167202542341057 0.199831472707091
0.307865608076288 -1.23087949233498 0.140284329287548 -0.00491659250286803 -0.0166434597470179 0.203913797827506
0.323481068893881 -1.23217976262772 0.147400036647929 -0.0098785635662879 -0.0156084795005853 0.20739223902673
0.337611254518027 -1.23014994470765 0.155650208022106 -0.0138125357002831 -0.0188373386167748 0.213211166752879
0.351149773525747 -1.2248581064156 0.163971937895615 -0.0168581352450132 -0.0229458436759695 0.21918891944096
0.363335662363172 -1.21590805801138 0.173080811261774 -0.0204343148823496 -0.0275762021815104 0.22466750796297
0.375011915059014 -1.20385830485561 0.182837201780422 -0.023993041227166 -0.0318836747754324 0.231860009810439
0.385969092103034 -1.18867917635101 0.190000033030607 -0.0280247517992729 -0.0355663194971404 0.237352560966465
0.396109455057121 -1.17073893696976 0.196998803331104 -0.0324927946843784 -0.0382296919356838 0.243799807223332
0.405181676508988 -1.14953144122878 0.204011536265617 -0.0372104196525191 -0.0407935806068635 0.249973036787636
0.413470245126709 -1.12580892603567 0.209498851433887 -0.0425319285418498 -0.0423870662139343 0.255917628219929
