1.28463 1.05365 1.19772 -1.82399 0.826657 0.841163 -0.304639 -0.113515 -0.10458 0.408551 -0.291123 0.214847 0.188691 -0.0804099 0.0630866 -0.0538599 1.14415 0.126435 -0.147329 0.214797 0.156482 0.0398041 -0.10373 -0.185159 -0.0451043 0.0163351 -0.0294099 0.0369518 0.0545181 -0.392649 0.0812672 0.00924231 -1.16664 -0.339265 0.400494 0.291645 0.209731 1.02172 0.745767
1.27456 1.05715 1.2028 -1.81084 0.827137 0.84491 -0.270907 -0.104163 -0.108458 0.387789 -0.297373 0.215504 0.188615 -0.105534 0.0608112 -0.0457195 1.16504 0.114496 -0.155453 0.197362 0.16235 0.0300617 -0.0996731 -0.171996 -0.0493783 0.0133873 -0.0300697 0.040274 0.0553925 -0.393883 0.0853468 0.00180138 -1.1648 -0.373056 0.399186 0.295787 0.19419 1.02864 0.726812
1.267 1.06261 1.20721 -1.79805 0.827781 0.848545 -0.241462 -0.0929777 -0.111972 0.368733 -0.30336 0.210102 0.185253 -0.134833 0.059604 -0.0389599 1.18493 0.0984403 -0.159189 0.180335 0.162484 0.0208495 -0.0958577 -0.155242 -0.0469997 0.0117139 -0.037305 0.0400537 0.0562157 -0.392956 0.0858368 -0.00032479 -1.1644 -0.405412 0.400477 0.291756 0.178398 1.03278 0.708873
1.26092 1.06592 1.21257 -1.78596 0.82837 0.852205 -0.212059 -0.089694 -0.117182 0.347047 -0.303413 0.216923 0.190882 -0.166272 0.055191 -0.0339334 1.20184 0.0835137 -0.174315 0.167202 0.166426 0.0156039 -0.0938889 -0.149117 -0.0503536 0.00705822 -0.0370621 0.0425443 0.0632527 -0.392437 0.0981339 -0.0251087 -1.15657 -0.442848 0.400804 0.307622 0.165392 1.03891 0.691362
1.25209 1.07166 1.21874 -1.77341 0.828945 0.855852 -0.18121 -0.0878638 -0.121028 0.324546 -0.303985 0.223695 0.195418 -0.194122 0.0504079 -0.0278124 1.21039 0.0681592 -0.18909 0.155517 0.169305 0.0100673 -0.089599 -0.142754 -0.0552048 0.00115359 -0.0365551 0.045996 0.0688295 -0.393235 0.109346 -0.0468767 -1.15072 -0.480113 0.397778 0.319834 0.150382 1.04658 0.673199
1.23878 1.07983 1.22775 -1.75983 0.830007 0.859741 -0.143903 -0.0806484 -0.124225 0.297381 -0.306547 0.227597 0.195389 -0.214453 0.0458922 -0.022098 1.2104 0.0487338 -0.20428 0.146305 0.181404 0.00149042 -0.0829996 -0.124487 -0.0664989 -0.00688483 -0.0391797 0.0545162 0.0728248 -0.395275 0.114385 -0.0556792 -1.14681 -0.516711 0.390837 0.326921 0.127091 1.05537 0.656868
1.224 1.08769 1.23683 -1.74686 0.830994 0.862212 -0.108023 -0.0746066 -0.124927 0.273402 -0.312653 0.221007 0.190266 -0.234535 0.0504941 -0.0183467 1.21193 0.029192 -0.20607 0.133325 0.172842 -0.00909453 -0.0753428 -0.11521 -0.0558561 -0.00549453 -0.0446949 0.0449558 0.0682813 -0.393256 0.11369 -0.0624933 -1.15068 -0.555595 0.390281 0.318948 0.110499 1.05973 0.646612
1.21412 1.09477 1.24001 -1.73345 0.831593 0.865633 -0.0742641 -0.0641736 -0.124062 0.246455 -0.313096 0.229566 0.19131 -0.257545 0.0482752 -0.0108493 1.20699 0.0125575 -0.22255 0.123413 0.187426 -0.020429 -0.0687537 -0.0985293 -0.0658552 -0.0147614 -0.043467 0.0542073 0.0758656 -0.392695 0.126803 -0.0760538 -1.14241 -0.603108 0.388184 0.33488 0.0862767 1.06274 0.639693
1.20924 1.09704 1.23998 -1.71996 0.831882 0.868207 -0.0421512 -0.0516592 -0.123155 0.220386 -0.313159 0.233119 0.192056 -0.281684 0.0494074 -0.0052424 1.19951 -0.00456556 -0.23644 0.115006 0.187306 -0.0312348 -0.0655066 -0.0822453 -0.0709777 -0.0202328 -0.0505984 0.0589301 0.0807237 -0.391671 0.13835 -0.0911878 -1.13356 -0.655155 0.390283 0.343282 0.0679501 1.06522 0.6335
1.19254 1.11158 1.25264 -1.70883 0.832768 0.869912 -0.0199354 -0.0530947 -0.12005 0.212458 -0.316841 0.225959 0.189229 -0.304988 0.0456808 -0.00245149 1.19138 -0.0214669 -0.244062 0.109517 0.194995 -0.0388843 -0.0572767 -0.0799709 -0.0725476 -0.0172569 -0.0492643 0.0544276 0.0764031 -0.387747 0.145185 -0.115406 -1.13141 -0.699296 0.388621 0.353546 0.0528258 1.07107 0.625741
1.17937 1.12502 1.2629 -1.69724 0.833685 0.870821 -0.00140874 -0.0530659 -0.117806 0.207834 -0.321997 0.217523 0.188893 -0.331106 0.040756 -0.00128735 1.18245 -0.0397111 -0.245045 0.103693 0.191557 -0.0451209 -0.0508418 -0.078207 -0.0687092 -0.0157289 -0.0540726 0.045249 0.073282 -0.384564 0.149082 -0.142224 -1.1288 -0.739443 0.388247 0.357878 0.0393383 1.07375 0.617615
1.1667 1.13409 1.26956 -1.68429 0.834149 0.871675 0.0245356 -0.0486435 -0.114002 0.194676 -0.326153 0.213378 0.187095 -0.350965 0.039721 0.00142683 1.16562 -0.0606089 -0.251622 0.100659 0.186583 -0.0532337 -0.0442571 -0.0727144 -0.0641839 -0.0201807 -0.0639603 0.0388659 0.0742341 -0.382835 0.153815 -0.16312 -1.12324 -0.780803 0.38713 0.358672 0.024219 1.07587 0.60936
1.14303 1.1448 1.27819 -1.67096 0.834379 0.872995 0.0597294 -0.0459695 -0.102631 0.177145 -0.331036 0.215101 0.18053 -0.358535 0.046121 0.00704139 1.13917 -0.0805498 -0.260266 0.0997815 0.199201 -0.067432 -0.0292653 -0.0642599 -0.0633066 -0.026901 -0.070329 0.0380031 0.0754096 -0.382329 0.16071 -0.176159 -1.11455 -0.82327 0.382227 0.361163 0.00500221 1.07968 0.601488
1.12594 1.15183 1.28894 -1.65839 0.835362 0.873663 0.090456 -0.0450329 -0.0985148 0.163399 -0.337061 0.220341 0.180122 -0.370516 0.0441034 0.00750172 1.11526 -0.092005 -0.25768 0.0926881 0.21268 -0.0772771 -0.0199288 -0.0619689 -0.0646486 -0.0327069 -0.0711729 0.0376204 0.0764453 -0.380435 0.167857 -0.191849 -1.10609 -0.864149 0.37872 0.367028 -0.0125879 1.08105 0.598864
1.11181 1.15842 1.2962 -1.64578 0.835978 0.873842 0.11733 -0.0436613 -0.0923074 0.152422 -0.343921 0.22093 0.179022 -0.384014 0.0458985 0.0075174 1.08885 -0.102806 -0.254122 0.0867794 0.22263 -0.0841688 -0.0131139 -0.0625077 -0.0656559 -0.0364221 -0.0718154 0.0346478 0.0758773 -0.3767 0.17423 -0.213827 -1.10232 -0.902183 0.377946 0.376197 -0.0295666 1.07909 0.599486
1.10314 1.16523 1.30495 -1.6331 0.836955 0.873426 0.138337 -0.0376356 -0.0918145 0.146246 -0.352487 0.220395 0.179697 -0.400547 0.0405455 0.00331145 1.06015 -0.122873 -0.256157 0.0874259 0.225955 -0.0899577 -0.00965567 -0.0589957 -0.0685784 -0.0377565 -0.0761206 0.0317981 0.076332 -0.370753 0.175517 -0.236928 -1.0992 -0.939865 0.376736 0.382757 -0.0477572 1.08078 0.595665
1.09214 1.17134 1.31361 -1.62035 0.837897 0.872699 0.160464 -0.0276005 -0.0885244 0.140962 -0.361793 0.217081 0.18028 -0.413227 0.0347778 -0.00056577 1.02662 -0.146484 -0.255455 0.0903675 0.230758 -0.0957787 -0.00544222 -0.0525186 -0.0704127 -0.0382718 -0.0828099 0.0272589 0.0785427 -0.366967 0.176119 -0.258202 -1.09246 -0.981555 0.375771 0.385094 -0.0700118 1.08025 0.597396
1.08201 1.17445 1.32181 -1.60753 0.838695 0.871626 0.184475 -0.0156943 -0.0850421 0.134608 -0.370664 0.212699 0.179566 -0.42377 0.0271629 -0.00393228 0.991176 -0.163668 -0.250831 0.0919231 0.235955 -0.0991127 -0.00242233 -0.0477113 -0.0683061 -0.0430323 -0.0893947 0.02235 0.0845426 -0.364261 0.177165 -0.277853 -1.08401 -1.02256 0.375937 0.385331 -0.0916569 1.07732 0.604541
1.07905 1.17871 1.3271 -1.59547 0.839288 0.870219 0.199759 -0.00735012 -0.0840699 0.132181 -0.380625 0.209138 0.177065 -0.441986 0.0180397 -0.00808484 0.95571 -0.171541 -0.244556 0.0963467 0.236703 -0.0998373 -0.00126188 -0.0451456 -0.066424 -0.0488085 -0.0968325 0.0203435 0.0911329 -0.362045 0.176393 -0.297035 -1.07475 -1.06005 0.377745 0.386155 -0.107481 1.07413 0.6038
1.07656 1.1829 1.33085 -1.58339 0.839593 0.868584 0.214406 -0.001413 -0.0820098 0.129548 -0.391374 0.206326 0.174596 -0.458194 0.0128661 -0.0113418 0.915576 -0.176092 -0.236782 0.101297 0.238584 -0.100614 -0.000380956 -0.0443776 -0.0651997 -0.0518619 -0.1037 0.0187818 0.0961113 -0.357623 0.173788 -0.316993 -1.07013 -1.09508 0.37917 0.386419 -0.122657 1.07271 0.598032
1.06356 1.18449 1.33893 -1.57004 0.83994 0.866664 0.241593 0.008129 -0.0736587 0.123633 -0.402927 0.19955 0.170603 -0.457973 0.0138879 -0.0142207 0.869005 -0.183772 -0.227002 0.103863 0.247127 -0.106194 0.00359655 -0.044739 -0.0612445 -0.0515954 -0.10857 0.0143992 0.0973003 -0.350859 0.16869 -0.335887 -1.06711 -1.12926 0.378595 0.384918 -0.139881 1.0742 0.597696
1.05206 1.18731 1.34783 -1.55685 0.840341 0.864442 0.265582 0.0178503 -0.0641091 0.120738 -0.413666 0.192558 0.167668 -0.458814 0.0141589 -0.0185252 0.82043 -0.192426 -0.22164 0.108134 0.254407 -0.112913 0.00708582 -0.0494672 -0.0605123 -0.0528503 -0.11074 0.0116404 0.0981789 -0.346599 0.162861 -0.355403 -1.05858 -1.16171 0.377537 0.385329 -0.154796 1.07611 0.59577
1.04903 1.19256 1.35438 -1.54439 0.840611 0.862079 0.278932 0.0257493 -0.058466 0.12192 -0.423204 0.19027 0.165384 -0.468154 0.00855614 -0.0244013 0.770553 -0.199897 -0.214495 0.117985 0.256319 -0.115742 0.00774445 -0.0525635 -0.0598987 -0.0562375 -0.112815 0.00920242 0.101343 -0.344364 0.158398 -0.373956 -1.04615 -1.18985 0.378158 0.385753 -0.167907 1.07676 0.591577
1.04794 1.19741 1.361 -1.53206 0.840963 0.85938 0.290468 0.0300328 -0.0558243 0.124794 -0.434363 0.18831 0.164375 -0.476897 0.00149751 -0.03141 0.719367 -0.209466 -0.204439 0.129832 0.255697 -0.115978 0.00682951 -0.0565763 -0.055369 -0.0570661 -0.113739 0.00463525 0.105255 -0.339961 0.155946 -0.394229 -1.03756 -1.21665 0.380118 0.389735 -0.178619 1.07757 0.588808
1.04664 1.20076 1.3683 -1.51968 0.84143 0.856362 0.304063 0.0335702 -0.0538699 0.126588 -0.446749 0.183189 0.16416 -0.483117 -0.00607866 -0.0379218 0.666657 -0.218709 -0.194928 0.141637 0.255549 -0.115399 0.00566132 -0.0681529 -0.0488393 -0.0564243 -0.111879 -0.00207768 0.108624 -0.334333 0.152099 -0.41633 -1.03169 -1.24349 0.38198 0.394861 -0.185259 1.07882 0.583805
1.04638 1.20363 1.3745 -1.50723 0.841754 0.85331 0.316329 0.0439219 -0.0493713 0.129202 -0.459185 0.173988 0.161037 -0.489235 -0.0163057 -0.0424337 0.613445 -0.222158 -0.183307 0.153193 0.255806 -0.115099 0.00482504 -0.0769531 -0.0452729 -0.0569972 -0.111153 -0.0081649 0.110346 -0.329839 0.141856 -0.43466 -1.02505 -1.26631 0.381755 0.393323 -0.192675 1.08103 0.577036
1.04813 1.20808 1.37894 -1.49461 0.842065 0.850139 0.324917 0.0559952 -0.0444177 0.133949 -0.470824 0.162303 0.15485 -0.497564 -0.0278182 -0.045518 0.563131 -0.22401 -0.17157 0.159693 0.252067 -0.114725 0.00440487 -0.0775706 -0.0450389 -0.0604748 -0.113142 -0.0109082 0.113549 -0.324939 0.129764 -0.447572 -1.02122 -1.28825 0.378893 0.385199 -0.202012 1.08456 0.569309
1.0526 1.21324 1.38184 -1.48171 0.842377 0.846648 0.331749 0.0673688 -0.0409004 0.138137 -0.480339 0.15288 0.148799 -0.507651 -0.0376192 -0.047966 0.5154 -0.227715 -0.162514 0.157507 0.243174 -0.114713 0.00277937 -0.0790865 -0.0435737 -0.065578 -0.113949 -0.0120062 0.11924 -0.319239 0.120269 -0.460052 -1.01911 -1.3114 0.37548 0.377936 -0.20894 1.08846 0.559828
1.0569 1.21905 1.38436 -1.46874 0.842371 0.843072 0.338083 0.0794638 -0.0343762 0.142386 -0.486582 0.144693 0.138339 -0.516719 -0.0439947 -0.0500968 0.467853 -0.231967 -0.154184 0.154458 0.232214 -0.115541 0.000245104 -0.0826188 -0.0405383 -0.0691711 -0.117371 -0.0129368 0.122062 -0.316108 0.11192 -0.473151 -1.01343 -1.33424 0.373317 0.375263 -0.21258 1.0911 0.550899
1.05691 1.22708 1.38767 -1.45561 0.842403 0.840279 0.345164 0.091368 -0.0231897 0.147899 -0.489787 0.136462 0.119706 -0.52187 -0.0526803 -0.0516874 0.420485 -0.233193 -0.142628 0.163519 0.232923 -0.118867 0.00304866 -0.0790991 -0.043181 -0.0735532 -0.120375 -0.00851818 0.123703 -0.315484 0.105412 -0.48009 -1.00743 -1.3542 0.371832 0.373698 -0.220288 1.08938 0.54238
1.05379 1.23511 1.38965 -1.44232 0.842388 0.837487 0.351558 0.104057 -0.00862697 0.156917 -0.493629 0.125087 0.107784 -0.525964 -0.0636758 -0.0522057 0.382459 -0.238076 -0.138801 0.154722 0.228985 -0.121732 0.00775732 -0.0800838 -0.0458633 -0.0753784 -0.120986 -0.0078975 0.123876 -0.314855 0.0941493 -0.487738 -1.00358 -1.36884 0.372812 0.365511 -0.227005 1.08731 0.534276
1.04815 1.2437 1.39132 -1.42861 0.842146 0.834863 0.359479 0.1105 0.00608563 0.165594 -0.497866 0.116565 0.100351 -0.526119 -0.0702062 -0.0524896 0.346376 -0.242542 -0.137973 0.151368 0.224648 -0.12437 0.0130608 -0.0845458 -0.0451005 -0.0758577 -0.124202 -0.00859519 0.124235 -0.314224 0.0867867 -0.496663 -1.00032 -1.38341 0.376108 0.360705 -0.233197 1.08267 0.526638
1.04158 1.25241 1.39464 -1.4147 0.841958 0.832635 0.370541 0.110923 0.0182664 0.170353 -0.500042 0.114949 0.0931219 -0.523438 -0.0720426 -0.0541936 0.314771 -0.245147 -0.140197 0.155013 0.224782 -0.128294 0.0181761 -0.0861604 -0.0431611 -0.0763701 -0.125778 -0.00680913 0.125378 -0.314059 0.0841217 -0.505217 -0.996974 -1.39696 0.379665 0.359945 -0.239725 1.07646 0.516943
1.0382 1.26074 1.39856 -1.40095 0.841938 0.830545 0.378781 0.111445 0.0274382 0.176683 -0.500918 0.113623 0.08777 -0.524037 -0.0721933 -0.0582573 0.293864 -0.246259 -0.138902 0.160408 0.224153 -0.134539 0.0212373 -0.0864914 -0.0409255 -0.0759969 -0.124202 -0.00526995 0.124107 -0.315192 0.080523 -0.512494 -0.993585 -1.40803 0.381854 0.358384 -0.241404 1.07318 0.503337
1.03547 1.26846 1.40178 -1.38695 0.841886 0.828546 0.386249 0.109591 0.0362195 0.185674 -0.500128 0.111253 0.0822685 -0.523853 -0.067475 -0.061751 0.279898 -0.247717 -0.138189 0.164146 0.219605 -0.14141 0.0239908 -0.0915148 -0.0362459 -0.0758593 -0.123985 -0.00494439 0.120326 -0.31778 0.0763933 -0.517916 -0.989453 -1.41863 0.384583 0.35754 -0.238934 1.07102 0.490043
1.03075 1.27378 1.40514 -1.37254 0.841933 0.82683 0.398093 0.107062 0.0451365 0.193494 -0.495988 0.108232 0.0747039 -0.520458 -0.0602243 -0.0631196 0.273524 -0.247421 -0.138966 0.163826 0.215406 -0.147304 0.0266636 -0.0965823 -0.0338216 -0.0759082 -0.121723 -0.00358374 0.11452 -0.319451 0.0726203 -0.520761 -0.988307 -1.42779 0.385792 0.35609 -0.236026 1.06897 0.478518
1.02655 1.28241 1.40468 -1.35812 0.841391 0.825089 0.407554 0.0958768 0.0561746 0.197919 -0.485014 0.116538 0.0740748 -0.523663 -0.0474596 -0.0600466 0.280429 -0.248533 -0.133717 0.167371 0.202911 -0.150956 0.0256427 -0.0914275 -0.01781 -0.0551023 -0.131051 -0.018671 0.0818767 -0.326243 0.0571651 -0.540718 -0.980815 -1.4261 0.393608 0.362242 -0.210194 1.06007 0.469707
1.02473 1.28761 1.40512 -1.34343 0.841055 0.823685 0.41587 0.0913329 0.0621011 0.207628 -0.477615 0.120312 0.0733362 -0.527332 -0.0405644 -0.0554969 0.295556 -0.250646 -0.134059 0.163692 0.196833 -0.154505 0.0253102 -0.0917169 -0.0113851 -0.0492016 -0.135634 -0.0222326 0.0707963 -0.328368 0.0535485 -0.547166 -0.980036 -1.42895 0.398292 0.365213 -0.204218 1.05597 0.462359
1.02339 1.29236 1.40454 -1.32843 0.840575 0.822603 0.422768 0.0888088 0.0684544 0.221017 -0.467415 0.122664 0.061391 -0.531914 -0.0323334 -0.0490606 0.319079 -0.251866 -0.138763 0.155049 0.191506 -0.16043 0.0251156 -0.0977081 -0.00821741 -0.0473132 -0.135552 -0.0208715 0.0639969 -0.329514 0.054695 -0.548755 -0.982508 -1.43227 0.402113 0.367352 -0.201302 1.05103 0.453711
1.02396 1.29507 1.40143 -1.31341 0.840157 0.821901 0.429429 0.0869883 0.0736573 0.235282 -0.451765 0.127539 0.038588 -0.537686 -0.0226805 -0.0408625 0.349325 -0.244968 -0.142265 0.148238 0.185826 -0.167532 0.0262374 -0.103647 -0.0050216 -0.0475668 -0.1311 -0.0187285 0.0586216 -0.332023 0.0578228 -0.545601 -0.98489 -1.43566 0.40612 0.367409 -0.197409 1.04656 0.44139
1.02624 1.29748 1.39835 -1.29826 0.839865 0.821412 0.43532 0.085535 0.0765787 0.250208 -0.435229 0.129269 0.0209018 -0.544538 -0.0161741 -0.0330338 0.381702 -0.230279 -0.147172 0.143762 0.177978 -0.172459 0.0266635 -0.107961 -0.00205934 -0.0483173 -0.128441 -0.0154109 0.0551523 -0.335204 0.0624191 -0.539874 -0.986287 -1.43819 0.409345 0.366859 -0.192983 1.04415 0.429008
1.02963 1.30218 1.3961 -1.28301 0.83954 0.82105 0.436512 0.0827914 0.0777063 0.269512 -0.417739 0.126397 0.00820363 -0.553803 -0.0119235 -0.0269183 0.41441 -0.212027 -0.15885 0.13537 0.16762 -0.175959 0.0250756 -0.113122 -0.00101826 -0.0483595 -0.124213 -0.0102891 0.0513558 -0.33705 0.0675639 -0.534996 -0.992352 -1.43799 0.412683 0.365804 -0.187151 1.04039 0.421222
1.0357 1.30616 1.3905 -1.26773 0.838804 0.821022 0.43401 0.0771106 0.0767786 0.290911 -0.396338 0.126713 -0.00168497 -0.566317 -0.00369423 -0.0188791 0.447817 -0.191826 -0.177029 0.125337 0.156345 -0.179685 0.0228374 -0.119219 -0.000306918 -0.0497583 -0.116277 -0.00568407 0.0489972 -0.338099 0.07471 -0.526331 -1.00327 -1.43887 0.416896 0.363543 -0.18187 1.03707 0.413578
1.04199 1.30642 1.38152 -1.25231 0.837644 0.821458 0.431324 0.0736072 0.0765569 0.315585 -0.370316 0.130647 -0.0153066 -0.577887 0.00709003 -0.0064284 0.481109 -0.174552 -0.19606 0.116744 0.147357 -0.183985 0.0214137 -0.125745 0.000360846 -0.0498182 -0.111095 -0.00192278 0.0455374 -0.343055 0.0798617 -0.518019 -0.998152 -1.43669 0.422565 0.363347 -0.177524 1.03259 0.406806
1.04636 1.30642 1.37231 -1.23698 0.836815 0.822328 0.426043 0.0691893 0.0767902 0.346926 -0.335812 0.133138 -0.036732 -0.587262 0.0178213 0.00549405 0.51447 -0.164287 -0.204781 0.110364 0.138432 -0.186277 0.0215012 -0.130925 0.00223958 -0.0490887 -0.108954 0.00171665 0.0399759 -0.34824 0.088386 -0.508183 -1.00173 -1.43148 0.427053 0.362208 -0.17062 1.02777 0.401611
1.04892 1.30801 1.36462 -1.222 0.836449 0.823579 0.417035 0.0634508 0.0768151 0.382054 -0.294636 0.133227 -0.0563102 -0.593127 0.0310639 0.0138736 0.544752 -0.15472 -0.20671 0.100676 0.131579 -0.188732 0.024689 -0.137329 0.00731894 -0.0477866 -0.106363 0.00414339 0.0349063 -0.35268 0.0980585 -0.497191 -1.00515 -1.42335 0.430944 0.35873 -0.158631 1.02355 0.395244
1.04887 1.30712 1.35497 -1.20692 0.835858 0.825265 0.408924 0.0575725 0.0784718 0.416675 -0.248536 0.136373 -0.0711189 -0.590608 0.049833 0.0243279 0.566434 -0.14845 -0.206859 0.0807201 0.128405 -0.192684 0.0309046 -0.144616 0.0129591 -0.0459918 -0.104686 0.0069421 0.030478 -0.357214 0.108713 -0.48203 -1.00964 -1.41628 0.434306 0.35424 -0.145264 1.02122 0.389645
1.04745 1.30184 1.3449 -1.19151 0.835145 0.827171 0.401778 0.0534049 0.0793624 0.454106 -0.196102 0.141102 -0.0884277 -0.580634 0.0632201 0.0372394 0.580951 -0.150868 -0.205628 0.0598679 0.129627 -0.193409 0.0373885 -0.152595 0.0187343 -0.0437937 -0.0978857 0.00959473 0.0263552 -0.359598 0.118185 -0.465912 -1.01252 -1.40648 0.437161 0.349348 -0.135419 1.02029 0.385049
1.04526 1.2943 1.33873 -1.17621 0.834807 0.829139 0.393494 0.0516756 0.0781987 0.497655 -0.142898 0.141984 -0.108685 -0.566873 0.0668461 0.0484931 0.593589 -0.157916 -0.203543 0.0425302 0.135324 -0.190582 0.0423421 -0.158259 0.0218359 -0.0426483 -0.0896948 0.0124268 0.0237571 -0.358855 0.125574 -0.449811 -1.01866 -1.39327 0.437163 0.343532 -0.128127 1.02122 0.381131
1.04455 1.28619 1.33439 -1.16122 0.834414 0.830995 0.38195 0.0509827 0.0754127 0.545235 -0.092 0.14188 -0.124692 -0.553154 0.0697243 0.0587567 0.608267 -0.168314 -0.205284 0.023873 0.140485 -0.18804 0.0448429 -0.160789 0.0231278 -0.0429968 -0.0880086 0.0153079 0.023628 -0.35801 0.131599 -0.432102 -1.024 -1.37966 0.436443 0.337216 -0.119183 1.02293 0.382094
1.04785 1.27929 1.32884 -1.14663 0.833668 0.832727 0.362575 0.0497306 0.0708289 0.597858 -0.0407729 0.143755 -0.135019 -0.541725 0.0742627 0.0697716 0.622369 -0.181238 -0.209776 0.00582495 0.140939 -0.184949 0.0441617 -0.164278 0.0241866 -0.0417349 -0.0857595 0.0182106 0.0241173 -0.357367 0.140148 -0.414067 -1.02571 -1.36647 0.438022 0.334192 -0.109659 1.02499 0.386935
1.05102 1.27535 1.3241 -1.13275 0.832994 0.834676 0.337222 0.0449721 0.0658452 0.656081 0.00572897 0.14708 -0.141236 -0.529434 0.0751823 0.0797563 0.631376 -0.196376 -0.210826 -0.00949496 0.141667 -0.178958 0.0440173 -0.17165 0.0249634 -0.039556 -0.0796161 0.0202349 0.0238099 -0.356733 0.151246 -0.397559 -1.02627 -1.34996 0.440652 0.333222 -0.101341 1.02769 0.391486
1.05258 1.27425 1.32244 -1.11946 0.832683 0.83688 0.311585 0.0324587 0.0578376 0.713038 0.0462298 0.152899 -0.139901 -0.515053 0.0714771 0.0856394 0.636146 -0.210337 -0.209193 -0.0236011 0.143442 -0.170249 0.0457746 -0.17831 0.0265384 -0.0398034 -0.0756665 0.0214113 0.0253226 -0.356951 0.160192 -0.382047 -1.02729 -1.33099 0.445456 0.327873 -0.0919104 1.02876 0.398789
1.05213 1.27359 1.31942 -1.10616 0.832374 0.839087 0.262648 0.0427938 0.057766 0.78955 0.150254 0.140345 -0.174708 -0.495242 0.0765567 0.0925882 0.630299 -0.212726 -0.224524 -0.0551375 0.151691 -0.16771 0.0546406 -0.183781 0.00771299 -0.0567328 -0.0628426 0.044648 0.0522324 -0.343403 0.172835 -0.340508 -1.05014 -1.31603 0.433725 0.297571 -0.105706 1.04981 0.402112
1.06227 1.27031 1.30998 -1.09299 0.831706 0.841163 0.228765 0.0290288 0.0459305 0.839225 0.189109 0.161552 -0.165189 -0.483923 0.0793769 0.099288 0.62794 -0.21995 -0.228673 -0.0688423 0.142631 -0.157199 0.054273 -0.189614 0.00199203 -0.0592851 -0.0632098 0.0489229 0.0575986 -0.343819 0.179536 -0.323955 -1.05416 -1.29242 0.433557 0.289407 -0.0935375 1.05547 0.411588
1.07169 1.26581 1.30135 -1.07993 0.831265 0.8435 0.195977 0.0128511 0.0354852 0.88647 0.20475 0.193695 -0.147721 -0.468853 0.0827658 0.102691 0.622787 -0.229077 -0.227214 -0.0786227 0.135605 -0.14609 0.0540879 -0.196043 0.00251166 -0.0572594 -0.0609129 0.0466254 0.0572953 -0.345825 0.184796 -0.311656 -1.05508 -1.26375 0.435839 0.286234 -0.0789774 1.05922 0.422987
1.07783 1.26081 1.29545 -1.06703 0.831098 0.846087 0.163273 -0.00467897 0.0273791 0.93327 0.210227 0.228237 -0.132476 -0.449077 0.085488 0.104394 0.615552 -0.238132 -0.22451 -0.0866084 0.134255 -0.135097 0.0553268 -0.203138 0.00492847 -0.0543352 -0.0556702 0.0429292 0.055422 -0.347585 0.191186 -0.298736 -1.05528 -1.23577 0.438662 0.284975 -0.064228 1.06179 0.43832
1.08409 1.25477 1.28962 -1.05444 0.830778 0.84895 0.127462 -0.0198175 0.0197196 0.980435 0.208348 0.255658 -0.116168 -0.42914 0.0867776 0.107118 0.608034 -0.246731 -0.222968 -0.0914909 0.13639 -0.122473 0.0554219 -0.210839 0.00556325 -0.0521898 -0.0505998 0.0406258 0.0554702 -0.348427 0.196439 -0.285903 -1.05613 -1.20659 0.441397 0.28247 -0.0497476 1.06314 0.455691
1.09067 1.24723 1.28394 -1.04189 0.830383 0.851948 0.0935803 -0.0316918 0.0122461 1.02243 0.191841 0.276629 -0.0960654 -0.407478 0.0886369 0.110168 0.598305 -0.254969 -0.223611 -0.0926595 0.139103 -0.110123 0.0530635 -0.222869 0.00479183 -0.0471397 -0.0454325 0.0377 0.0530485 -0.348897 0.200487 -0.275387 -1.05947 -1.17484 0.444264 0.28012 -0.0352711 1.06384 0.470829
1.0975 1.23636 1.27729 -1.02916 0.829959 0.854952 0.0640715 -0.0397682 0.00483591 1.05797 0.162783 0.2894 -0.0734424 -0.383366 0.091118 0.114765 0.587239 -0.261378 -0.22564 -0.0942537 0.139947 -0.0990845 0.050029 -0.224127 0.00271863 -0.0431283 -0.0432851 0.0368253 0.0484715 -0.349166 0.203956 -0.260391 -1.06494 -1.14305 0.442632 0.277111 -0.0180487 1.06989 0.484647
1.10495 1.22307 1.27005 -1.01613 0.829443 0.858054 0.0362436 -0.0475967 -0.00209672 1.08879 0.129394 0.296545 -0.0531559 -0.35753 0.0926067 0.11949 0.576141 -0.268651 -0.228108 -0.0947628 0.142898 -0.0869067 0.0467927 -0.226209 -0.000415582 -0.0404094 -0.0402688 0.0361473 0.0464537 -0.348872 0.207714 -0.243498 -1.06925 -1.11342 0.44107 0.275119 -0.00177535 1.07456 0.503241
1.10995 1.2102 1.26398 -1.00316 0.829021 0.861178 0.00844367 -0.0556677 -0.0072314 1.11701 0.0975068 0.298005 -0.0379712 -0.32961 0.0920516 0.123192 0.564998 -0.275504 -0.22539 -0.094828 0.150469 -0.0742032 0.0451107 -0.228208 -0.00360464 -0.0393256 -0.0399741 0.0335528 0.0469246 -0.348906 0.209503 -0.223769 -1.0752 -1.08563 0.439447 0.270249 0.00919552 1.0772 0.525724
1.11716 1.19563 1.25713 -0.990291 0.828707 0.86422 -0.0200884 -0.0585376 -0.0135296 1.14076 0.0685911 0.293583 -0.0218335 -0.301943 0.0884993 0.125295 0.55372 -0.28044 -0.217635 -0.0963227 0.157825 -0.0615464 0.0425917 -0.228819 -0.00427155 -0.0385631 -0.0402124 0.0316477 0.0488703 -0.348439 0.209092 -0.200921 -1.08213 -1.05838 0.438525 0.261263 0.0190348 1.07912 0.548449
1.12914 1.1788 1.24677 -0.976922 0.828424 0.866988 -0.0485981 -0.0575338 -0.0202652 1.15863 0.0395721 0.286951 -0.00744346 -0.274901 0.0841632 0.126386 0.539349 -0.286222 -0.209884 -0.0965575 0.157453 -0.0481124 0.038698 -0.231985 -0.00522484 -0.0368043 -0.0382646 0.0313777 0.0507696 -0.348519 0.208685 -0.176961 -1.08683 -1.03322 0.43841 0.250423 0.031748 1.07973 0.573184
1.13827 1.16279 1.23733 -0.963258 0.828208 0.869665 -0.0750485 -0.0558432 -0.0244427 1.17284 0.0110397 0.27932 0.00495148 -0.24423 0.0783955 0.127529 0.521018 -0.292731 -0.203319 -0.0953055 0.158748 -0.0348975 0.036114 -0.237232 -0.00975785 -0.0348585 -0.0345293 0.0318086 0.0498045 -0.34905 0.20943 -0.154141 -1.09164 -1.00873 0.436336 0.241881 0.0443361 1.08005 0.59904
1.14439 1.15145 1.23264 -0.950132 0.828039 0.872325 -0.104428 -0.0583641 -0.0283148 1.18567 -0.012547 0.269061 0.0141969 -0.214066 0.071052 0.126536 0.502648 -0.298338 -0.197868 -0.0921948 0.164277 -0.0230693 0.0330423 -0.238591 -0.0137276 -0.0337692 -0.0338811 0.0316063 0.0484224 -0.350089 0.210454 -0.133107 -1.09637 -0.983549 0.433118 0.23712 0.0558744 1.08043 0.623839
1.15366 1.14235 1.22746 -0.93811 0.827807 0.874633 -0.140386 -0.0653827 -0.0320625 1.19783 -0.0317394 0.257156 0.0188489 -0.191098 0.0648089 0.123218 0.487959 -0.303217 -0.19144 -0.0868563 0.166545 -0.0111516 0.0280295 -0.23786 -0.0131456 -0.0320138 -0.0371626 0.0280562 0.0502172 -0.351135 0.210745 -0.11246 -1.10058 -0.959264 0.432312 0.230895 0.0706984 1.07866 0.650766
1.1654 1.13098 1.21941 -0.926311 0.827586 0.876509 -0.176517 -0.0703052 -0.0349673 1.20554 -0.0449889 0.249888 0.0249007 -0.170936 0.0599059 0.118765 0.475727 -0.308522 -0.184142 -0.08377 0.166543 5.20523e-05 0.0229236 -0.240562 -0.00957908 -0.0295065 -0.0354593 0.0231726 0.0517102 -0.351048 0.210626 -0.0929777 -1.10459 -0.936915 0.432856 0.223287 0.088734 1.07492 0.678293
1.17442 1.11863 1.21315 -0.913954 0.827612 0.878241 -0.206853 -0.0734544 -0.0376606 1.20608 -0.0558105 0.246699 0.0301613 -0.14689 0.0562569 0.113666 0.461881 -0.314709 -0.180249 -0.0827375 0.170243 0.00986033 0.0193052 -0.248931 -0.00685218 -0.0269923 -0.0283558 0.0197016 0.0494556 -0.351871 0.211136 -0.0751357 -1.10696 -0.914432 0.431828 0.218492 0.104606 1.07082 0.706337
1.181 1.10702 1.20813 -0.901398 0.827895 0.879915 -0.233822 -0.077495 -0.0387864 1.20209 -0.0681239 0.241339 0.0325621 -0.12157 0.0502621 0.108377 0.446047 -0.321101 -0.175677 -0.0800334 0.176497 0.0204804 0.0167575 -0.252092 -0.00667786 -0.0270222 -0.0307739 0.0170303 0.0491225 -0.353339 0.212027 -0.0574299 -1.11001 -0.88821 0.429324 0.214193 0.116274 1.06677 0.735829
1.18873 1.09558 1.20228 -0.888983 0.828303 0.881248 -0.261221 -0.0844011 -0.039755 1.19495 -0.0802815 0.235609 0.0370813 -0.0988257 0.0433322 0.100683 0.43246 -0.327004 -0.165252 -0.0769873 0.180004 0.0325847 0.0139253 -0.247075 -0.00765508 -0.02735 -0.0400712 0.0136223 0.0491674 -0.353689 0.212585 -0.0394422 -1.11477 -0.859113 0.427134 0.207613 0.129209 1.06201 0.764576
1.19656 1.08374 1.19528 -0.876726 0.828425 0.882123 -0.288825 -0.0895638 -0.0387213 1.18489 -0.0930249 0.229621 0.0413362 -0.0762877 0.0382331 0.0936313 0.421537 -0.334247 -0.155031 -0.0751079 0.182872 0.0438764 0.0114159 -0.248966 -0.00637096 -0.0244901 -0.0389126 0.00915363 0.0469472 -0.352593 0.212809 -0.020583 -1.11861 -0.831164 0.425411 0.200986 0.145384 1.05743 0.791525
1.20055 1.06999 1.18738 -0.86386 0.82813 0.882867 -0.311018 -0.0844499 -0.0345807 1.17174 -0.106063 0.222471 0.0416871 -0.0492453 0.029146 0.0901194 0.409584 -0.342399 -0.145487 -0.0714186 0.190492 0.0534618 0.0112619 -0.255403 -0.00535306 -0.0231378 -0.033324 0.00586955 0.0477964 -0.351797 0.210487 0.00181937 -1.12043 -0.806731 0.421343 0.192169 0.15702 1.05439 0.819109
1.20369 1.05838 1.18124 -0.850514 0.828045 0.883312 -0.331067 -0.0819891 -0.0312441 1.15357 -0.116082 0.217324 0.0444751 -0.0214613 0.0182167 0.0840806 0.395896 -0.349063 -0.134517 -0.0675205 0.195646 0.0638406 0.0121268 -0.256179 -0.00568792 -0.0244811 -0.0348761 0.0029853 0.048885 -0.352431 0.205329 0.0250276 -1.12291 -0.785019 0.41726 0.178126 0.165984 1.05235 0.853261
1.20804 1.05046 1.17701 -0.837509 0.82821 0.88321 -0.35204 -0.0889423 -0.0283775 1.12965 -0.123626 0.214403 0.0508927 0.00384777 0.0121746 0.0753155 0.381937 -0.355818 -0.125478 -0.0644477 0.19607 0.074087 0.0122544 -0.253323 -0.00452146 -0.0237625 -0.0404834 -0.000979639 0.0462283 -0.353587 0.201588 0.0441164 -1.12622 -0.763886 0.412738 0.166476 0.179787 1.05109 0.881611
1.21041 1.03943 1.17223 -0.824753 0.828207 0.882932 -0.367902 -0.0918464 -0.0231329 1.10223 -0.138615 0.210597 0.0541444 0.0294266 0.00530904 0.0668002 0.37072 -0.361793 -0.113067 -0.0586029 0.200543 0.0823841 0.0124654 -0.252561 -0.00328228 -0.0211248 -0.0428006 -0.00408078 0.0428126 -0.35546 0.198013 0.0649121 -1.12892 -0.743011 0.405299 0.156529 0.195345 1.05019 0.901237
1.21345 1.02767 1.16561 -0.812027 0.827788 0.882461 -0.382807 -0.0871876 -0.0141803 1.07152 -0.164716 0.207976 0.0615099 0.0541464 -0.00273275 0.0598102 0.362766 -0.373695 -0.093242 -0.0514315 0.203236 0.093818 0.0099053 -0.256429 0.01168 -0.00703596 -0.0564295 -0.0249614 0.0235561 -0.363205 0.212336 0.0537742 -1.12113 -0.72209 0.410546 0.167856 0.234708 1.03323 0.915562
1.21498 1.01621 1.16023 -0.799661 0.827774 0.881889 -0.395268 -0.0852172 -0.00763327 1.03685 -0.183515 0.207695 0.066613 0.0760467 -0.0113387 0.0527368 0.357005 -0.382735 -0.0770498 -0.0464398 0.213561 0.104997 0.00844819 -0.26022 0.0221013 0.00171283 -0.0631017 -0.0391918 0.0135468 -0.36865 0.222128 0.0497875 -1.11548 -0.696051 0.415504 0.173747 0.260116 1.01758 0.936068
1.21576 1.00642 1.15486 -0.787085 0.827792 0.880956 -0.406515 -0.085139 -0.00109655 0.998909 -0.197619 0.206268 0.0687566 0.0998321 -0.0184082 0.0455822 0.349038 -0.388344 -0.0645 -0.0417796 0.222436 0.113925 0.00810294 -0.262855 0.026211 0.00566836 -0.0628698 -0.0443924 0.0092396 -0.370517 0.224183 0.0589966 -1.11485 -0.671997 0.41514 0.169953 0.275788 1.00627 0.959803
1.21503 0.998896 1.15008 -0.774225 0.827903 0.879615 -0.416636 -0.0858627 0.00668482 0.958928 -0.208095 0.204336 0.0679283 0.126635 -0.0225945 0.0386767 0.338121 -0.392478 -0.0558434 -0.0367974 0.226926 0.120503 0.00924563 -0.266894 0.0271887 0.00799217 -0.0602796 -0.048184 0.00429677 -0.371774 0.221869 0.072463 -1.11862 -0.648827 0.411462 0.16204 0.288742 0.9973 0.983696
1.21551 0.994018 1.14551 -0.761503 0.828056 0.877861 -0.427749 -0.0849634 0.0151052 0.915366 -0.214558 0.201161 0.0707288 0.149032 -0.0258421 0.0325475 0.329685 -0.398596 -0.0511109 -0.0340431 0.228223 0.12584 0.0101643 -0.268893 0.0256924 0.00786567 -0.0605406 -0.0512604 -0.000439376 -0.374519 0.21834 0.0846977 -1.12236 -0.626456 0.405342 0.15343 0.30072 0.988314 1.00734
1.21844 0.989194 1.14032 -0.748904 0.828261 0.875836 -0.439286 -0.0821285 0.0232605 0.867747 -0.216321 0.194978 0.0754931 0.166993 -0.0296052 0.0253741 0.32427 -0.408078 -0.0461549 -0.0343656 0.228563 0.130742 0.0104652 -0.268258 0.0250032 0.00750739 -0.0644176 -0.0538389 -0.00228495 -0.377257 0.216183 0.0964195 -1.12336 -0.606292 0.400052 0.144278 0.314356 0.978822 1.02851
1.2201 0.982407 1.13484 -0.736267 0.828258 0.873875 -0.445764 -0.0788692 0.0315836 0.815424 -0.216206 0.188704 0.0737475 0.185186 -0.0353831 0.0178705 0.322415 -0.412761 -0.0375562 -0.0309355 0.232473 0.134979 0.0103899 -0.273652 0.024382 0.0101728 -0.062732 -0.0562255 -0.00395945 -0.37924 0.214553 0.109266 -1.12476 -0.586553 0.397588 0.134717 0.328436 0.968565 1.04793
1.2202 0.977974 1.13012 -0.723485 0.828197 0.871871 -0.450281 -0.0745967 0.0383401 0.759524 -0.217059 0.183798 0.0682177 0.202492 -0.0406419 0.0128706 0.322479 -0.411701 -0.0314085 -0.0215147 0.236258 0.137441 0.0109666 -0.280153 0.0249146 0.0137498 -0.0606729 -0.0561225 -0.00628931 -0.381117 0.212559 0.122812 -1.12868 -0.568126 0.393433 0.12603 0.341718 0.959386 1.06563
1.22129 0.976106 1.1259 -0.71038 0.828374 0.869566 -0.455748 -0.0694791 0.042558 0.700929 -0.218172 0.181678 0.0642728 0.218655 -0.0429683 0.00852025 0.320855 -0.414472 -0.0300238 -0.0131706 0.235626 0.13893 0.0120288 -0.284411 0.0278459 0.0164019 -0.0631439 -0.05765 -0.00673443 -0.381309 0.209839 0.134412 -1.1337 -0.548083 0.388711 0.118256 0.354673 0.950668 1.08147
1.22412 0.975033 1.11991 -0.697392 0.828464 0.867037 -0.460637 -0.0659087 0.0478268 0.638369 -0.221336 0.179875 0.060154 0.231583 -0.0444465 0.00341073 0.320967 -0.419285 -0.0264484 -0.0054468 0.232364 0.141081 0.0135256 -0.284894 0.0302667 0.0186029 -0.067746 -0.0628236 -0.00708069 -0.381464 0.206466 0.14241 -1.1375 -0.523507 0.385801 0.111164 0.367081 0.941132 1.09568
1.22658 0.973425 1.11253 -0.684581 0.828427 0.864475 -0.462366 -0.0631399 0.0545154 0.573186 -0.225664 0.17567 0.0542037 0.244294 -0.0469383 -0.0020029 0.321948 -0.420526 -0.0195026 0.00480764 0.230327 0.14358 0.0161251 -0.283558 0.0326616 0.0201815 -0.0730644 -0.0649511 -0.00721669 -0.382005 0.20316 0.14943 -1.14204 -0.497039 0.382817 0.103403 0.379616 0.92998 1.1066
1.22903 0.96947 1.10509 -0.67146 0.828436 0.861965 -0.461844 -0.0587233 0.0599418 0.510356 -0.226342 0.171903 0.050277 0.258752 -0.0499145 -0.00865701 0.321737 -0.421213 -0.0135035 0.0125455 0.230335 0.145058 0.0167901 -0.291962 0.0347582 0.0217245 -0.0724999 -0.0654408 -0.00759197 -0.382972 0.197497 0.156622 -1.14566 -0.470894 0.380303 0.0942629 0.392408 0.917139 1.11371
1.2334 0.966742 1.09696 -0.65812 0.828351 0.859431 -0.463248 -0.052857 0.0649676 0.450697 -0.226493 0.166524 0.0481941 0.269805 -0.0534327 -0.0154721 0.322599 -0.422192 -0.00673703 0.0161177 0.225691 0.145899 0.0155051 -0.30225 0.0360753 0.0248694 -0.0733274 -0.067758 -0.010179 -0.38572 0.190374 0.161485 -1.14679 -0.447416 0.37925 0.0862769 0.403383 0.907348 1.12207
1.23859 0.966667 1.08991 -0.644796 0.828521 0.856885 -0.466583 -0.0472038 0.0686917 0.394771 -0.228989 0.158172 0.042851 0.278398 -0.0568051 -0.0226629 0.324704 -0.421402 0.00196407 0.022074 0.218482 0.146953 0.0145771 -0.305955 0.0370623 0.0299194 -0.0783314 -0.0707111 -0.0129439 -0.386361 0.184766 0.163773 -1.15031 -0.423972 0.378051 0.0804396 0.412019 0.902159 1.13332
1.24232 0.965087 1.08483 -0.631036 0.828991 0.854615 -0.467285 -0.0414703 0.0708071 0.34514 -0.234475 0.149719 0.0358144 0.289971 -0.0582573 -0.0306549 0.326802 -0.419422 0.00853255 0.0314329 0.216291 0.146307 0.0164296 -0.302549 0.0382777 0.0283319 -0.0844768 -0.0701972 -0.0113556 -0.389622 0.182932 0.173301 -1.15037 -0.40493 0.373809 0.0741921 0.42111 0.900548 1.1416
1.24361 0.961585 1.08059 -0.616639 0.829474 0.852402 -0.463537 -0.0367348 0.0738007 0.30017 -0.242036 0.144232 0.0339778 0.305341 -0.0610291 -0.0392781 0.328744 -0.414197 0.0135702 0.0407253 0.216751 0.146816 0.0180168 -0.300586 0.0389454 0.0271613 -0.0864822 -0.0675991 -0.00817018 -0.391595 0.180332 0.184782 -1.15238 -0.39198 0.37033 0.0683146 0.423697 0.901079 1.15015
1.24574 0.959084 1.07719 -0.602153 0.830165 0.850021 -0.460521 -0.0367531 0.0762648 0.259854 -0.246375 0.140811 0.0389971 0.31904 -0.0638002 -0.0491718 0.331619 -0.40124 0.0188454 0.046329 0.214598 0.148698 0.0180948 -0.302526 0.037136 0.0287602 -0.0866369 -0.0646856 -0.010217 -0.392306 0.176157 0.191228 -1.15599 -0.378265 0.366003 0.0618306 0.431125 0.901086 1.15203
1.24931 0.956224 1.07249 -0.587763 0.830512 0.847518 -0.459557 -0.037848 0.07958 0.227921 -0.24711 0.139308 0.0443487 0.329496 -0.0637829 -0.0572347 0.337013 -0.386845 0.0234567 0.0522445 0.209868 0.151366 0.0171857 -0.302708 0.0315411 0.0316406 -0.0925351 -0.0609441 -0.0133471 -0.392247 0.172515 0.19267 -1.16017 -0.36015 0.356788 0.0617214 0.435793 0.898062 1.15723
1.25249 0.951755 1.06579 -0.572948 0.830254 0.84519 -0.456275 -0.0380046 0.0848087 0.202926 -0.250932 0.140422 0.0477123 0.340533 -0.062929 -0.0630204 0.342534 -0.379777 0.0289527 0.058553 0.207583 0.153836 0.0155614 -0.298479 0.0287256 0.0338831 -0.0977715 -0.0588545 -0.0136412 -0.393345 0.171567 0.198061 -1.16041 -0.343705 0.351058 0.0633615 0.437813 0.897834 1.15989
1.25549 0.948719 1.06047 -0.557715 0.830111 0.843064 -0.45339 -0.0412766 0.0876697 0.187254 -0.256936 0.140872 0.0485987 0.352024 -0.0608555 -0.0675185 0.347456 -0.375511 0.030666 0.0638402 0.206061 0.156088 0.0132451 -0.295197 0.0307312 0.0346712 -0.101498 -0.055793 -0.0125259 -0.395369 0.172146 0.207064 -1.15868 -0.332447 0.349235 0.0660694 0.438456 0.897062 1.16346
1.25927 0.947765 1.05894 -0.542421 0.830367 0.840897 -0.455148 -0.0447935 0.0852674 0.185927 -0.259389 0.139556 0.0503892 0.36046 -0.0597616 -0.0727541 0.356932 -0.367302 0.0311492 0.0725057 0.201236 0.160174 0.0108986 -0.300315 0.027271 0.0350953 -0.101525 -0.054085 -0.0134324 -0.395496 0.167905 0.209942 -1.15891 -0.320357 0.348423 0.0660697 0.440889 0.896959 1.16703
1.26361 0.947525 1.05925 -0.526985 0.830851 0.838867 -0.457633 -0.0471825 0.0810597 0.193163 -0.257501 0.139545 0.0490478 0.366251 -0.058589 -0.0783445 0.3706 -0.35598 0.0339004 0.0855747 0.195336 0.163884 0.0082457 -0.305396 0.0204169 0.0348747 -0.0986047 -0.055789 -0.0119799 -0.395928 0.163555 0.211776 -1.15735 -0.311419 0.348821 0.0656172 0.441374 0.898104 1.16804
1.2698 0.948184 1.05873 -0.511512 0.831561 0.83705 -0.461527 -0.0502203 0.0766246 0.20699 -0.244853 0.140525 0.0409309 0.367621 -0.0551157 -0.0832695 0.387612 -0.342641 0.0332467 0.100523 0.189069 0.165226 0.00389782 -0.310199 0.0174757 0.0371565 -0.0886517 -0.0560078 -0.0141631 -0.399851 0.16226 0.215233 -1.15054 -0.307698 0.351997 0.0688979 0.441019 0.896229 1.16828
1.27762 0.951091 1.05838 -0.496037 0.832419 0.835317 -0.470595 -0.053314 0.070982 0.230442 -0.213929 0.142841 0.037931 0.364326 -0.0516066 -0.0876351 0.407098 -0.323961 0.0297272 0.110791 0.181388 0.165117 -0.00198707 -0.322276 0.0110257 0.0441822 -0.0592329 -0.0543459 -0.0297309 -0.407303 0.159645 0.217195 -1.14083 -0.302845 0.355392 0.0724291 0.442734 0.891579 1.1665
1.28627 0.957508 1.05993 -0.480155 0.833091 0.833684 -0.48473 -0.0552135 0.0624452 0.26289 -0.168766 0.145856 0.0380437 0.357736 -0.0482053 -0.0907609 0.428667 -0.296502 0.0359079 0.115811 0.164837 0.164341 -0.00806702 -0.302775 0.0102557 0.0382166 -0.100183 -0.0570109 -0.00949972 -0.40808 0.166943 0.216401 -1.13434 -0.298869 0.36415 0.0793893 0.437556 0.888148 1.16777
1.29164 0.965388 1.06485 -0.464595 0.834198 0.832359 -0.50146 -0.0573901 0.0512377 0.303829 -0.128399 0.149869 0.0381216 0.351498 -0.0429671 -0.0905014 0.454545 -0.266249 0.0321541 0.122457 0.154847 0.162617 -0.011726 -0.318275 -0.00322525 0.0419446 -0.0663508 -0.0514882 -0.0217754 -0.413338 0.160799 0.213317 -1.12859 -0.29111 0.366973 0.0836521 0.433278 0.886464 1.16675
1.299 0.974199 1.07092 -0.449522 0.835432 0.831396 -0.521687 -0.0642944 0.0384565 0.346796 -0.108883 0.150336 0.0406695 0.338348 -0.0358508 -0.0905634 0.488134 -0.235901 0.0288354 0.13805 0.1416 0.161011 -0.0173184 -0.326818 -0.0107776 0.0410887 -0.0648601 -0.0490989 -0.019603 -0.415959 0.158109 0.204023 -1.12311 -0.288048 0.376481 0.0924971 0.427598 0.883862 1.16637
1.30473 0.979252 1.0793 -0.434192 0.836612 0.831136 -0.536151 -0.0769034 0.0263904 0.386832 -0.101864 0.150143 0.0514665 0.327329 -0.0303369 -0.094534 0.522195 -0.197618 0.0282365 0.158431 0.133999 0.160967 -0.0254329 -0.334356 -0.0179329 0.0389206 -0.0597686 -0.0482028 -0.0206361 -0.420296 0.157415 0.195959 -1.11762 -0.287467 0.384338 0.10182 0.420964 0.882474 1.16549
1.30765 0.981599 1.09119 -0.418442 0.837632 0.831624 -0.542591 -0.095425 0.0142268 0.422739 -0.0960567 0.152367 0.0661804 0.318704 -0.0262331 -0.101053 0.556613 -0.145812 0.0327774 0.179468 0.131615 0.162388 -0.0344982 -0.329526 -0.0202969 0.0334703 -0.0770347 -0.0470593 -0.0117921 -0.422624 0.161544 0.188029 -1.11242 -0.284936 0.391888 0.114139 0.411646 0.882677 1.16447
1.31802 0.985426 1.10791 -0.403202 0.839454 0.831872 -0.553659 -0.130413 -0.00470558 0.455788 -0.09408 0.159829 0.0619137 0.297094 -0.0220228 -0.116566 0.601261 -0.0860749 0.0499468 0.234475 0.117191 0.16307 -0.0486284 -0.341212 -0.040918 0.0283015 -0.0508379 -0.0335258 0.00252987 -0.406303 0.107612 0.23009 -1.12521 -0.280324 0.383612 0.0902636 0.360527 0.905362 1.18046
1.32388 0.989686 1.12093 -0.387946 0.840676 0.832774 -0.557622 -0.150606 -0.0189462 0.482433 -0.107153 0.165848 0.0736308 0.277974 -0.0102723 -0.122543 0.644831 -0.0207803 0.058698 0.258759 0.10984 0.16298 -0.0583969 -0.320843 -0.0321859 0.0212913 -0.103005 -0.0405381 0.0274493 -0.400697 0.11056 0.225265 -1.12716 -0.284932 0.391982 0.107579 0.343848 0.912176 1.17404
1.32638 0.989639 1.13067 -0.372902 0.84171 0.833736 -0.553261 -0.163637 -0.0302776 0.504233 -0.1263 0.17293 0.0931267 0.259515 0.000374706 -0.124983 0.691813 0.0456767 0.0582882 0.280314 0.109742 0.160716 -0.0660398 -0.320584 -0.0365124 0.0191831 -0.110759 -0.0406545 0.0296831 -0.39907 0.110974 0.213518 -1.13105 -0.287404 0.39236 0.123115 0.336153 0.92147 1.16174
1.32864 0.987355 1.13925 -0.358066 0.842667 0.834714 -0.545296 -0.17278 -0.0424079 0.522752 -0.148565 0.177493 0.113375 0.239114 0.0104631 -0.126301 0.741448 0.105619 0.0517123 0.299945 0.109414 0.158212 -0.074252 -0.327977 -0.0467074 0.0176701 -0.102293 -0.0363604 0.02372 -0.397566 0.107071 0.199649 -1.13507 -0.286647 0.389116 0.136327 0.330005 0.930815 1.14674
1.33032 0.985771 1.14566 -0.343422 0.843688 0.835681 -0.53665 -0.178876 -0.0544623 0.538679 -0.1753 0.181955 0.134655 0.213912 0.0183336 -0.125089 0.794409 0.169308 0.0371195 0.309522 0.110451 0.154761 -0.0803081 -0.340247 -0.0613049 0.016887 -0.0750341 -0.0274219 0.0119314 -0.395941 0.0997041 0.186596 -1.14097 -0.285706 0.382674 0.146953 0.323969 0.942256 1.12749
1.33415 0.983476 1.14806 -0.328911 0.844542 0.836976 -0.525544 -0.182306 -0.066538 0.548923 -0.202055 0.182693 0.152275 0.180643 0.0271108 -0.123133 0.852254 0.240527 0.0245255 0.313987 0.107611 0.150816 -0.0852466 -0.323116 -0.0553603 0.0108009 -0.113466 -0.0297868 0.031542 -0.388743 0.105871 0.169499 -1.14758 -0.289581 0.39002 0.166791 0.317158 0.948533 1.10843
1.33516 0.9824 1.15245 -0.314971 0.845757 0.838463 -0.512746 -0.184511 -0.0804087 0.558896 -0.222793 0.187608 0.173834 0.147183 0.0363048 -0.120779 0.912353 0.291303 -0.00353449 0.314725 0.108339 0.141855 -0.0875832 -0.332002 -0.0693312 0.0105485 -0.103122 -0.0216881 0.0307474 -0.391627 0.103629 0.153469 -1.14785 -0.304614 0.3928 0.181862 0.316358 0.956649 1.0849
1.33539 0.984174 1.15639 -0.301631 0.846887 0.840168 -0.501169 -0.186499 -0.0922637 0.566342 -0.240568 0.193449 0.190788 0.111013 0.0469492 -0.116548 0.970165 0.318462 -0.04037 0.311015 0.109371 0.129409 -0.0890819 -0.346265 -0.085088 0.0125924 -0.0758966 -0.00628125 0.0173018 -0.401242 0.0987387 0.137128 -1.14482 -0.322264 0.393492 0.193524 0.320754 0.962394 1.05712
1.33651 0.986684 1.15785 -0.288626 0.847666 0.842089 -0.489533 -0.185774 -0.102613 0.568553 -0.256385 0.197769 0.200663 0.0723705 0.0559071 -0.110177 1.02286 0.325348 -0.0744395 0.303156 0.110935 0.117316 -0.0912114 -0.353044 -0.0966475 0.0126375 -0.0633688 0.00613639 0.00924807 -0.407973 0.0958603 0.121708 -1.14255 -0.33 0.393298 0.202885 0.32248 0.969021 1.02951
1.33865 0.989506 1.15985 -0.275325 0.848147 0.844516 -0.474716 -0.187327 -0.114571 0.564601 -0.269674 0.202178 0.205328 0.0348319 0.0680951 -0.104769 1.06906 0.313027 -0.094888 0.290594 0.107563 0.10723 -0.0938304 -0.323682 -0.0817806 0.00589159 -0.12105 0.00668198 0.0298004 -0.407865 0.111623 0.104332 -1.14137 -0.340834 0.406033 0.219946 0.321207 0.968945 1.00206
1.33547 0.991828 1.16539 -0.261992 0.848619 0.847285 -0.453891 -0.186983 -0.127294 0.559024 -0.279894 0.209104 0.213903 0.0027923 0.075497 -0.0996594 1.10912 0.287204 -0.119513 0.267995 0.112724 0.0955085 -0.0942588 -0.31782 -0.0791466 0.00467596 -0.128429 0.0116583 0.029945 -0.410779 0.116828 0.0881635 -1.13992 -0.35735 0.413881 0.229023 0.32142 0.972029 0.970534
1.32904 0.993271 1.17057 -0.248366 0.848875 0.850313 -0.428459 -0.182849 -0.137986 0.55178 -0.289567 0.212746 0.219071 -0.0266073 0.0790253 -0.0927217 1.14396 0.255775 -0.13918 0.24159 0.121116 0.0848728 -0.0923571 -0.31387 -0.0760887 0.00163277 -0.130497 0.0132707 0.0323995 -0.412358 0.115689 0.073037 -1.14108 -0.370472 0.420109 0.232503 0.314367 0.976826 0.94006
1.31939 0.993948 1.17673 -0.234364 0.849042 0.853636 -0.397711 -0.178422 -0.147367 0.541609 -0.299065 0.216942 0.221023 -0.0509238 0.0801336 -0.0851459 1.17168 0.226503 -0.152066 0.221819 0.132281 0.0755223 -0.0889071 -0.310786 -0.07259 -0.000188114 -0.128402 0.0159288 0.032747 -0.414759 0.113284 0.0595046 -1.14264 -0.380589 0.423809 0.236296 0.304517 0.984493 0.907308
1.30741 0.996246 1.18586 -0.220522 0.84911 0.857255 -0.363383 -0.175351 -0.156565 0.526511 -0.308075 0.222579 0.221612 -0.0712627 0.0790872 -0.0784987 1.19136 0.199284 -0.167538 0.205375 0.146699 0.0658849 -0.0863776 -0.312686 -0.0692566 0.00044229 -0.120066 0.0155906 0.0285261 -0.415275 0.11392 0.043282 -1.14402 -0.391357 0.426494 0.244113 0.297006 0.99387 0.874634
1.29665 1.00137 1.19513 -0.207035 0.849112 0.86087 -0.330954 -0.173986 -0.163577 0.508184 -0.316194 0.227988 0.223392 -0.0944632 0.0787298 -0.072758 1.20686 0.168623 -0.186727 0.186956 0.156804 0.0565953 -0.084249 -0.311444 -0.0663375 0.000288392 -0.116323 0.0149603 0.025287 -0.413349 0.118218 0.0264814 -1.14805 -0.408021 0.427116 0.251082 0.288687 1.00448 0.844541
1.28718 1.00499 1.20191 -0.193424 0.848972 0.864512 -0.299696 -0.1691 -0.168364 0.491963 -0.320066 0.230321 0.225967 -0.119639 0.0786047 -0.0661554 1.2192 0.143972 -0.200366 0.167821 0.162325 0.0484739 -0.0812315 -0.303874 -0.0632224 -0.00293878 -0.122928 0.017867 0.0276847 -0.409951 0.121501 0.011301 -1.15428 -0.428857 0.42474 0.254494 0.276214 1.01785 0.814693
1.27846 1.00782 1.20762 -0.179727 0.848713 0.868292 -0.26757 -0.160506 -0.173506 0.475408 -0.320739 0.23151 0.227952 -0.145378 0.0770788 -0.0593883 1.22898 0.121388 -0.208768 0.153579 0.167739 0.0404314 -0.0774615 -0.297219 -0.0629978 -0.0083797 -0.126982 0.018525 0.0327271 -0.406456 0.123875 -0.0034738 -1.15871 -0.450395 0.422613 0.259968 0.261059 1.03205 0.784432
